,AT_transversion,AT_transition,GC_transversion,CpG_transversion,GC_transition,CpG_transition,feature
DO46416,14.29,10.71,10.71,0.0,46.43,17.86,Ovary-AdenoCA
DO46581,10.0,10.0,0.0,10.0,20.0,50.0,Ovary-AdenoCA
DO28952,0.0,15.0,5.0,5.0,40.0,35.0,Ovary-AdenoCA
DO46606,15.0,10.0,10.0,10.0,35.0,20.0,Ovary-AdenoCA
DO27978,0.0,28.57,0.0,0.0,14.29,57.14,Ovary-AdenoCA
DO46372,18.18,12.12,30.3,3.03,27.27,9.09,Ovary-AdenoCA
DO46597,5.88,0.0,11.76,0.0,47.06,35.29,Ovary-AdenoCA
DO32391,25.0,0.0,12.5,12.5,50.0,0.0,Ovary-AdenoCA
DO46382,5.26,10.53,5.26,5.26,52.63,21.05,Ovary-AdenoCA
DO29398,2.78,19.44,33.33,5.56,27.78,11.11,Ovary-AdenoCA
DO28004,0.0,27.27,0.0,9.09,27.27,36.36,Ovary-AdenoCA
DO31551,0.0,10.0,0.0,20.0,30.0,40.0,Ovary-AdenoCA
DO46566,0.0,0.0,33.33,8.33,8.33,50.0,Ovary-AdenoCA
DO28823,0.0,20.0,20.0,6.67,40.0,13.33,Ovary-AdenoCA
DO29980,14.29,21.43,0.0,7.14,35.71,21.43,Ovary-AdenoCA
DO32646,0.0,30.0,30.0,0.0,20.0,20.0,Ovary-AdenoCA
DO28093,7.5,12.5,22.5,2.5,35.0,20.0,Ovary-AdenoCA
DO46402,12.5,4.17,8.33,8.33,41.67,25.0,Ovary-AdenoCA
DO46370,7.69,19.23,15.38,11.54,38.46,7.69,Ovary-AdenoCA
DO46388,0.0,0.0,33.33,0.0,41.67,25.0,Ovary-AdenoCA
DO46344,5.88,0.0,17.65,0.0,35.29,41.18,Ovary-AdenoCA
DO28089,4.76,19.05,33.33,4.76,33.33,4.76,Ovary-AdenoCA
DO30550,0.0,0.0,25.0,37.5,37.5,0.0,Ovary-AdenoCA
DO30220,0.0,4.76,23.81,14.29,38.1,19.05,Ovary-AdenoCA
DO30970,10.0,13.33,23.33,10.0,20.0,23.33,Ovary-AdenoCA
DO28024,4.55,18.18,9.09,18.18,27.27,22.73,Ovary-AdenoCA
DO46576,8.33,4.17,16.67,0.0,33.33,37.5,Ovary-AdenoCA
DO46568,12.5,12.5,16.67,4.17,41.67,12.5,Ovary-AdenoCA
DO46354,5.0,15.0,10.0,0.0,45.0,25.0,Ovary-AdenoCA
DO31150,9.38,15.62,21.88,12.5,18.75,21.88,Ovary-AdenoCA
DO29760,12.5,12.5,18.75,18.75,18.75,18.75,Ovary-AdenoCA
DO46561,6.25,25.0,12.5,6.25,18.75,31.25,Ovary-AdenoCA
DO32237,4.76,9.52,14.29,4.76,42.86,23.81,Ovary-AdenoCA
DO46346,11.11,11.11,33.33,0.0,11.11,33.33,Ovary-AdenoCA
DO46498,15.0,0.0,25.0,10.0,20.0,30.0,Ovary-AdenoCA
DO46380,14.81,18.52,29.63,11.11,18.52,7.41,Ovary-AdenoCA
DO46374,0.0,22.22,14.81,3.7,29.63,29.63,Ovary-AdenoCA
DO29308,0.0,12.5,0.0,25.0,25.0,37.5,Ovary-AdenoCA
DO31769,5.88,11.76,29.41,5.88,41.18,5.88,Ovary-AdenoCA
DO46408,11.11,33.33,22.22,0.0,0.0,33.33,Ovary-AdenoCA
DO28962,10.0,15.0,20.0,5.0,50.0,0.0,Ovary-AdenoCA
DO46560,0.0,28.57,14.29,0.0,28.57,28.57,Ovary-AdenoCA
DO46376,10.0,10.0,25.0,5.0,25.0,25.0,Ovary-AdenoCA
DO32420,11.11,22.22,22.22,0.0,44.44,0.0,Ovary-AdenoCA
DO46358,8.33,8.33,8.33,16.67,33.33,25.0,Ovary-AdenoCA
DO46356,4.35,8.7,8.7,8.7,21.74,47.83,Ovary-AdenoCA
DO46398,0.0,21.43,14.29,7.14,21.43,35.71,Ovary-AdenoCA
DO46333,8.7,4.35,30.43,4.35,39.13,13.04,Ovary-AdenoCA
DO46420,17.5,12.5,20.0,2.5,32.5,15.0,Ovary-AdenoCA
DO46331,35.71,7.14,28.57,7.14,14.29,7.14,Ovary-AdenoCA
DO31869,11.76,20.59,17.65,2.94,26.47,20.59,Ovary-AdenoCA
DO46334,6.25,18.75,6.25,6.25,25.0,37.5,Ovary-AdenoCA
DO29146,0.0,20.83,12.5,0.0,33.33,33.33,Ovary-AdenoCA
DO30340,7.14,7.14,28.57,0.0,21.43,35.71,Ovary-AdenoCA
DO29850,11.76,5.88,11.76,0.0,35.29,35.29,Ovary-AdenoCA
DO28273,6.25,18.75,12.5,12.5,12.5,37.5,Ovary-AdenoCA
DO46352,3.33,23.33,23.33,3.33,26.67,20.0,Ovary-AdenoCA
DO46542,10.0,16.67,23.33,0.0,13.33,36.67,Ovary-AdenoCA
DO46602,0.0,0.0,0.0,0.0,62.5,37.5,Ovary-AdenoCA
DO28233,10.53,15.79,36.84,5.26,21.05,10.53,Ovary-AdenoCA
DO46412,10.53,15.79,13.16,13.16,7.89,39.47,Ovary-AdenoCA
DO30060,21.43,7.14,7.14,0.0,14.29,50.0,Ovary-AdenoCA
DO46360,11.11,11.11,22.22,0.0,27.78,27.78,Ovary-AdenoCA
DO28289,8.33,8.33,16.67,16.67,25.0,25.0,Ovary-AdenoCA
DO32596,8.89,15.56,13.33,11.11,40.0,11.11,Ovary-AdenoCA
DO46384,0.0,16.67,33.33,0.0,33.33,16.67,Ovary-AdenoCA
DO46556,12.77,19.15,21.28,4.26,27.66,14.89,Ovary-AdenoCA
DO31729,8.7,13.04,30.43,4.35,21.74,21.74,Ovary-AdenoCA
DO31420,7.69,0.0,7.69,7.69,38.46,38.46,Ovary-AdenoCA
DO46342,13.95,9.3,20.93,6.98,32.56,16.28,Ovary-AdenoCA
DO46327,0.0,16.67,8.33,8.33,41.67,25.0,Ovary-AdenoCA
DO46400,9.09,12.12,15.15,9.09,36.36,18.18,Ovary-AdenoCA
DO46588,7.14,7.14,35.71,14.29,14.29,21.43,Ovary-AdenoCA
DO29940,14.29,14.29,0.0,14.29,28.57,28.57,Ovary-AdenoCA
DO46386,17.65,5.88,29.41,0.0,35.29,11.76,Ovary-AdenoCA
DO46364,0.0,14.29,0.0,0.0,57.14,28.57,Ovary-AdenoCA
DO46338,0.0,16.67,16.67,0.0,33.33,33.33,Ovary-AdenoCA
DO46591,10.2,59.18,4.08,2.04,6.12,18.37,Ovary-AdenoCA
DO46488,11.76,5.88,17.65,0.0,47.06,17.65,Ovary-AdenoCA
DO30750,8.7,8.7,30.43,0.0,39.13,13.04,Ovary-AdenoCA
DO46551,8.33,0.0,45.83,0.0,20.83,25.0,Ovary-AdenoCA
DO28763,5.88,11.76,17.65,5.88,29.41,29.41,Ovary-AdenoCA
DO46378,7.32,14.63,21.95,12.2,39.02,4.88,Ovary-AdenoCA
DO28119,25.93,18.52,25.93,3.7,22.22,3.7,Ovary-AdenoCA
DO46362,0.0,22.22,11.11,0.0,22.22,44.44,Ovary-AdenoCA
DO46390,3.23,22.58,25.81,3.23,38.71,6.45,Ovary-AdenoCA
DO46392,6.25,18.75,31.25,6.25,25.0,12.5,Ovary-AdenoCA
DO46350,0.0,6.25,6.25,6.25,43.75,37.5,Ovary-AdenoCA
DO46394,15.79,15.79,26.32,2.63,28.95,10.53,Ovary-AdenoCA
DO28053,27.78,11.11,16.67,5.56,11.11,27.78,Ovary-AdenoCA
DO46424,7.27,12.73,30.91,9.09,23.64,16.36,Ovary-AdenoCA
DO46493,16.28,11.63,23.26,4.65,30.23,13.95,Ovary-AdenoCA
DO46593,5.56,5.56,66.67,0.0,22.22,0.0,Ovary-AdenoCA
DO46586,6.25,12.5,31.25,6.25,37.5,6.25,Ovary-AdenoCA
DO46328,5.56,11.11,0.0,0.0,61.11,22.22,Ovary-AdenoCA
DO46330,2.33,6.98,27.91,6.98,27.91,27.91,Ovary-AdenoCA
DO46336,6.25,6.25,12.5,6.25,25.0,43.75,Ovary-AdenoCA
DO46366,9.09,27.27,0.0,18.18,27.27,18.18,Ovary-AdenoCA
DO28412,11.11,0.0,33.33,0.0,33.33,22.22,Ovary-AdenoCA
DO46340,8.33,16.67,16.67,25.0,25.0,8.33,Ovary-AdenoCA
DO46329,0.0,8.7,30.43,4.35,34.78,21.74,Ovary-AdenoCA
DO46571,8.33,12.5,12.5,8.33,29.17,29.17,Ovary-AdenoCA
DO46448,23.53,11.76,29.41,0.0,35.29,0.0,Ovary-AdenoCA
DO46611,7.41,14.81,25.93,7.41,25.93,18.52,Ovary-AdenoCA
DO46325,9.52,4.76,23.81,4.76,42.86,14.29,Ovary-AdenoCA
DO46503,3.7,18.52,29.63,3.7,18.52,25.93,Ovary-AdenoCA
DO46368,16.67,0.0,16.67,16.67,33.33,16.67,Ovary-AdenoCA
DO30090,13.64,13.64,18.18,4.55,40.91,9.09,Ovary-AdenoCA
DO28521,10.0,3.33,40.0,0.0,30.0,16.67,Ovary-AdenoCA
DO36062,0.0,0.0,100.0,0.0,0.0,0.0,CNS-PiloAstro
DO35934,,,,,,,CNS-PiloAstro
DO36159,0.0,0.0,0.0,0.0,0.0,100.0,CNS-PiloAstro
DO35898,0.0,0.0,0.0,0.0,50.0,50.0,CNS-PiloAstro
DO36068,,,,,,,CNS-PiloAstro
DO36135,,,,,,,CNS-PiloAstro
DO35871,,,,,,,CNS-PiloAstro
DO36051,,,,,,,CNS-PiloAstro
DO35880,0.0,0.0,0.0,0.0,100.0,0.0,CNS-PiloAstro
DO36009,0.0,50.0,0.0,0.0,50.0,0.0,CNS-PiloAstro
DO35949,0.0,0.0,0.0,0.0,100.0,0.0,CNS-PiloAstro
DO35991,0.0,33.33,0.0,0.0,0.0,66.67,CNS-PiloAstro
DO35943,0.0,0.0,0.0,0.0,0.0,100.0,CNS-PiloAstro
DO36155,,,,,,,CNS-PiloAstro
DO35919,,,,,,,CNS-PiloAstro
DO35874,,,,,,,CNS-PiloAstro
DO36171,,,,,,,CNS-PiloAstro
DO36083,,,,,,,CNS-PiloAstro
DO36003,0.0,50.0,25.0,0.0,0.0,25.0,CNS-PiloAstro
DO35967,,,,,,,CNS-PiloAstro
DO35907,0.0,0.0,0.0,0.0,0.0,100.0,CNS-PiloAstro
DO36123,0.0,100.0,0.0,0.0,0.0,0.0,CNS-PiloAstro
DO35994,0.0,0.0,0.0,0.0,0.0,100.0,CNS-PiloAstro
DO36065,0.0,100.0,0.0,0.0,0.0,0.0,CNS-PiloAstro
DO36048,,,,,,,CNS-PiloAstro
DO35997,,,,,,,CNS-PiloAstro
DO36131,,,,,,,CNS-PiloAstro
DO35985,,,,,,,CNS-PiloAstro
DO36143,,,,,,,CNS-PiloAstro
DO36099,,,,,,,CNS-PiloAstro
DO36074,,,,,,,CNS-PiloAstro
DO36024,,,,,,,CNS-PiloAstro
DO36021,0.0,0.0,0.0,0.0,100.0,0.0,CNS-PiloAstro
DO36057,,,,,,,CNS-PiloAstro
DO36027,,,,,,,CNS-PiloAstro
DO36087,0.0,0.0,0.0,0.0,50.0,50.0,CNS-PiloAstro
DO36095,,,,,,,CNS-PiloAstro
DO35940,,,,,,,CNS-PiloAstro
DO35889,100.0,0.0,0.0,0.0,0.0,0.0,CNS-PiloAstro
DO36091,33.33,0.0,0.0,0.0,0.0,66.67,CNS-PiloAstro
DO35892,,,,,,,CNS-PiloAstro
DO36015,0.0,0.0,0.0,100.0,0.0,0.0,CNS-PiloAstro
DO35979,0.0,0.0,0.0,0.0,75.0,25.0,CNS-PiloAstro
DO35959,,,,,,,CNS-PiloAstro
DO35925,,,,,,,CNS-PiloAstro
DO36127,0.0,0.0,0.0,0.0,0.0,100.0,CNS-PiloAstro
DO35869,0.0,0.0,0.0,0.0,100.0,0.0,CNS-PiloAstro
DO35931,0.0,0.0,0.0,0.0,100.0,0.0,CNS-PiloAstro
DO36042,,,,,,,CNS-PiloAstro
DO36039,,,,,,,CNS-PiloAstro
DO36111,,,,,,,CNS-PiloAstro
DO36103,,,,,,,CNS-PiloAstro
DO36071,,,,,,,CNS-PiloAstro
DO35988,,,,,,,CNS-PiloAstro
DO36033,0.0,0.0,0.0,0.0,100.0,0.0,CNS-PiloAstro
DO36077,,,,,,,CNS-PiloAstro
DO36151,0.0,100.0,0.0,0.0,0.0,0.0,CNS-PiloAstro
DO35877,,,,,,,CNS-PiloAstro
DO35904,,,,,,,CNS-PiloAstro
DO35886,0.0,0.0,0.0,0.0,100.0,0.0,CNS-PiloAstro
DO36000,,,,,,,CNS-PiloAstro
DO35955,0.0,100.0,0.0,0.0,0.0,0.0,CNS-PiloAstro
DO35946,0.0,0.0,0.0,0.0,100.0,0.0,CNS-PiloAstro
DO36018,,,,,,,CNS-PiloAstro
DO36119,,,,,,,CNS-PiloAstro
DO35916,,,,,,,CNS-PiloAstro
DO35937,,,,,,,CNS-PiloAstro
DO35952,,,,,,,CNS-PiloAstro
DO36163,,,,,,,CNS-PiloAstro
DO36054,,,,,,,CNS-PiloAstro
DO36139,0.0,0.0,0.0,0.0,0.0,100.0,CNS-PiloAstro
DO35982,,,,,,,CNS-PiloAstro
DO36167,,,,,,,CNS-PiloAstro
DO36006,0.0,100.0,0.0,0.0,0.0,0.0,CNS-PiloAstro
DO36080,0.0,0.0,0.0,0.0,100.0,0.0,CNS-PiloAstro
DO35883,50.0,0.0,0.0,0.0,0.0,50.0,CNS-PiloAstro
DO36012,,,,,,,CNS-PiloAstro
DO35961,0.0,0.0,50.0,0.0,0.0,50.0,CNS-PiloAstro
DO36030,0.0,0.0,0.0,0.0,0.0,100.0,CNS-PiloAstro
DO35901,0.0,0.0,0.0,0.0,100.0,0.0,CNS-PiloAstro
DO36115,0.0,0.0,0.0,0.0,100.0,0.0,CNS-PiloAstro
DO35895,0.0,0.0,0.0,0.0,100.0,0.0,CNS-PiloAstro
DO36036,,,,,,,CNS-PiloAstro
DO36107,,,,,,,CNS-PiloAstro
DO35976,,,,,,,CNS-PiloAstro
DO36147,0.0,0.0,0.0,0.0,0.0,100.0,CNS-PiloAstro
DO35928,,,,,,,CNS-PiloAstro
DO35922,,,,,,,CNS-PiloAstro
DO35964,,,,,,,CNS-PiloAstro
DO45049,5.77,42.31,13.46,1.92,23.08,13.46,Liver-HCC
DO48701,16.0,20.0,4.0,20.0,36.0,4.0,Liver-HCC
DO48703,6.67,33.33,26.67,0.0,20.0,13.33,Liver-HCC
DO45269,8.33,33.33,12.5,12.5,20.83,12.5,Liver-HCC
DO44885,5.56,22.22,27.78,0.0,38.89,5.56,Liver-HCC
DO48704,13.33,46.67,6.67,0.0,26.67,6.67,Liver-HCC
DO45273,19.05,33.33,9.52,0.0,33.33,4.76,Liver-HCC
DO45051,10.0,30.0,10.0,0.0,30.0,20.0,Liver-HCC
DO48706,3.03,36.36,18.18,9.09,27.27,6.06,Liver-HCC
DO48709,8.0,32.0,8.0,4.0,32.0,16.0,Liver-HCC
DO45277,10.53,68.42,10.53,0.0,10.53,0.0,Liver-HCC
DO48712,0.0,42.86,28.57,0.0,28.57,0.0,Liver-HCC
DO22935,18.75,25.0,6.25,12.5,25.0,12.5,Liver-HCC
DO48715,0.0,29.41,5.88,11.76,29.41,23.53,Liver-HCC
DO48716,14.71,47.06,8.82,5.88,8.82,14.71,Liver-HCC
DO48717,0.0,20.0,0.0,0.0,60.0,20.0,Liver-HCC
DO45091,6.98,25.58,9.3,4.65,44.19,9.3,Liver-HCC
DO22839,22.81,33.33,3.51,8.77,24.56,7.02,Liver-HCC
DO45055,8.33,25.0,16.67,0.0,41.67,8.33,Liver-HCC
DO48719,20.34,32.2,10.17,6.78,28.81,1.69,Liver-HCC
DO48720,7.14,7.14,7.14,0.0,57.14,21.43,Liver-HCC
DO45061,0.0,42.86,0.0,28.57,28.57,0.0,Liver-HCC
DO48721,23.33,33.33,6.67,6.67,26.67,3.33,Liver-HCC
DO45092,9.09,13.64,4.55,9.09,54.55,9.09,Liver-HCC
DO48723,13.33,26.67,26.67,3.33,26.67,3.33,Liver-HCC
DO48725,0.0,0.0,0.0,0.0,100.0,0.0,Liver-HCC
DO45075,18.52,18.52,14.81,14.81,22.22,11.11,Liver-HCC
DO48727,14.29,33.33,28.57,0.0,23.81,0.0,Liver-HCC
DO48728,33.33,22.22,11.11,0.0,33.33,0.0,Liver-HCC
DO52172,4.17,8.33,4.17,8.33,45.83,29.17,Liver-HCC
DO50820,0.0,25.0,16.67,16.67,33.33,8.33,Liver-HCC
DO48730,5.56,38.89,22.22,0.0,33.33,0.0,Liver-HCC
DO45067,0.0,28.57,14.29,0.0,57.14,0.0,Liver-HCC
DO48732,8.7,26.09,13.04,4.35,39.13,8.7,Liver-HCC
DO45093,10.0,25.0,10.0,0.0,45.0,10.0,Liver-HCC
DO48733,7.14,50.0,0.0,0.0,35.71,7.14,Liver-HCC
DO48736,14.29,14.29,28.57,14.29,28.57,0.0,Liver-HCC
DO48737,35.29,35.29,5.88,0.0,17.65,5.88,Liver-HCC
DO48738,0.0,0.0,0.0,50.0,50.0,0.0,Liver-HCC
DO45094,7.41,44.44,7.41,3.7,22.22,14.81,Liver-HCC
DO48741,0.0,48.15,14.81,3.7,18.52,14.81,Liver-HCC
DO45095,13.33,40.0,26.67,20.0,0.0,0.0,Liver-HCC
DO45096,14.71,38.24,5.88,5.88,26.47,8.82,Liver-HCC
DO48742,13.51,27.03,8.11,0.0,32.43,18.92,Liver-HCC
DO48743,0.0,22.22,11.11,16.67,33.33,16.67,Liver-HCC
DO44982,15.0,22.5,17.5,5.0,30.0,10.0,Liver-HCC
DO48747,20.0,0.0,30.0,10.0,30.0,10.0,Liver-HCC
DO22896,12.9,22.58,19.35,16.13,22.58,6.45,Liver-HCC
DO48751,10.71,39.29,17.86,7.14,14.29,10.71,Liver-HCC
DO48753,15.38,30.77,0.0,0.0,38.46,15.38,Liver-HCC
DO45097,12.5,25.0,12.5,4.17,29.17,16.67,Liver-HCC
DO48757,17.65,41.18,11.76,0.0,17.65,11.76,Liver-HCC
DO22932,0.0,13.64,22.73,9.09,40.91,13.64,Liver-HCC
DO48759,13.33,40.0,20.0,0.0,26.67,0.0,Liver-HCC
DO45099,5.88,29.41,17.65,5.88,35.29,5.88,Liver-HCC
DO48760,5.88,29.41,23.53,5.88,29.41,5.88,Liver-HCC
DO48761,9.09,18.18,27.27,9.09,27.27,9.09,Liver-HCC
DO50772,26.67,53.33,0.0,6.67,6.67,6.67,Liver-HCC
DO45101,15.38,46.15,15.38,0.0,15.38,7.69,Liver-HCC
DO44889,10.53,21.05,10.53,5.26,47.37,5.26,Liver-HCC
DO50774,11.11,11.11,0.0,0.0,72.22,5.56,Liver-HCC
DO219580,0.0,12.5,37.5,0.0,37.5,12.5,Liver-HCC
DO50776,13.33,37.78,13.33,4.44,24.44,6.67,Liver-HCC
DO45103,11.11,33.33,11.11,0.0,11.11,33.33,Liver-HCC
DO45064,0.0,29.41,5.88,5.88,35.29,23.53,Liver-HCC
DO50778,20.0,20.0,10.0,0.0,40.0,10.0,Liver-HCC
DO22970,8.7,26.09,4.35,4.35,30.43,26.09,Liver-HCC
DO50780,8.0,40.0,18.0,0.0,30.0,4.0,Liver-HCC
DO45105,15.38,30.77,7.69,0.0,46.15,0.0,Liver-HCC
DO50783,26.32,15.79,5.26,0.0,36.84,15.79,Liver-HCC
DO45057,9.09,40.91,9.09,0.0,31.82,9.09,Liver-HCC
DO50785,22.22,27.78,11.11,0.0,16.67,22.22,Liver-HCC
DO22860,23.08,7.69,7.69,0.0,23.08,38.46,Liver-HCC
DO50787,16.67,27.78,22.22,0.0,27.78,5.56,Liver-HCC
DO50789,9.09,18.18,18.18,9.09,27.27,18.18,Liver-HCC
DO45109,20.0,20.0,0.0,20.0,30.0,10.0,Liver-HCC
DO50791,7.14,28.57,7.14,0.0,28.57,28.57,Liver-HCC
DO45111,6.9,34.48,27.59,3.45,20.69,6.9,Liver-HCC
DO50793,3.7,44.44,3.7,7.41,29.63,11.11,Liver-HCC
DO22884,9.09,27.27,9.09,0.0,36.36,18.18,Liver-HCC
DO50796,0.0,23.08,15.38,7.69,38.46,15.38,Liver-HCC
DO45113,0.0,50.0,0.0,0.0,50.0,0.0,Liver-HCC
DO50798,11.11,44.44,13.89,0.0,19.44,11.11,Liver-HCC
DO45073,3.7,29.63,22.22,7.41,18.52,18.52,Liver-HCC
DO50799,0.0,35.0,30.0,0.0,10.0,25.0,Liver-HCC
DO45115,13.33,26.67,16.67,0.0,30.0,13.33,Liver-HCC
DO50800,0.0,33.33,13.33,0.0,40.0,13.33,Liver-HCC
DO45117,13.33,23.33,13.33,3.33,30.0,16.67,Liver-HCC
DO22866,11.76,23.53,11.76,0.0,47.06,5.88,Liver-HCC
DO22854,9.68,22.58,16.13,9.68,25.81,16.13,Liver-HCC
DO44832,23.61,25.0,23.61,2.78,20.83,4.17,Liver-HCC
DO50802,5.26,15.79,15.79,5.26,52.63,5.26,Liver-HCC
DO45119,23.68,26.32,7.89,7.89,28.95,5.26,Liver-HCC
DO22953,17.24,13.79,6.9,10.34,37.93,13.79,Liver-HCC
DO23023,2.94,2.94,23.53,11.76,44.12,14.71,Liver-HCC
DO50803,8.7,21.74,2.17,4.35,54.35,8.7,Liver-HCC
DO44919,13.51,21.62,21.62,5.41,18.92,18.92,Liver-HCC
DO50804,12.2,46.34,12.2,4.88,24.39,0.0,Liver-HCC
DO50805,20.0,22.86,14.29,0.0,17.14,25.71,Liver-HCC
DO50806,16.0,32.0,16.0,0.0,28.0,8.0,Liver-HCC
DO45121,0.0,36.36,9.09,0.0,45.45,9.09,Liver-HCC
DO22998,0.0,50.0,0.0,0.0,50.0,0.0,Liver-HCC
DO50807,5.88,23.53,11.76,5.88,29.41,23.53,Liver-HCC
DO44883,2.38,23.81,14.29,4.76,42.86,11.9,Liver-HCC
DO50808,16.67,38.89,11.11,0.0,27.78,5.56,Liver-HCC
DO45085,5.71,28.57,17.14,5.71,31.43,11.43,Liver-HCC
DO45123,10.71,17.86,21.43,7.14,32.14,10.71,Liver-HCC
DO50811,3.57,32.14,14.29,0.0,28.57,21.43,Liver-HCC
DO45083,10.0,30.0,6.67,10.0,33.33,10.0,Liver-HCC
DO45071,17.24,20.69,17.24,10.34,31.03,3.45,Liver-HCC
DO50813,16.0,36.0,4.0,8.0,20.0,16.0,Liver-HCC
DO48518,0.0,21.05,10.53,5.26,31.58,31.58,Liver-HCC
DO45125,16.67,0.0,0.0,0.0,66.67,16.67,Liver-HCC
DO50814,16.13,41.94,22.58,6.45,6.45,6.45,Liver-HCC
DO45127,29.17,27.08,10.42,6.25,18.75,8.33,Liver-HCC
DO50815,12.5,21.88,15.62,6.25,28.12,15.62,Liver-HCC
DO23508,5.41,29.73,18.92,5.41,37.84,2.7,Liver-HCC
DO50816,21.74,26.09,0.0,8.7,21.74,21.74,Liver-HCC
DO45047,0.0,12.5,12.5,0.0,25.0,50.0,Liver-HCC
DO50817,7.69,15.38,7.69,5.13,48.72,15.38,Liver-HCC
DO45129,9.52,52.38,4.76,9.52,19.05,4.76,Liver-HCC
DO50818,17.65,26.47,14.71,2.94,26.47,11.76,Liver-HCC
DO45029,8.33,33.33,16.67,0.0,16.67,25.0,Liver-HCC
DO50819,15.38,53.85,15.38,0.0,15.38,0.0,Liver-HCC
DO50822,7.69,38.46,15.38,3.85,26.92,7.69,Liver-HCC
DO23509,4.55,40.91,22.73,0.0,27.27,4.55,Liver-HCC
DO45131,12.5,12.5,25.0,0.0,37.5,12.5,Liver-HCC
DO50825,3.23,38.71,12.9,3.23,25.81,16.13,Liver-HCC
DO45133,5.88,29.41,5.88,11.76,38.24,8.82,Liver-HCC
DO48552,9.09,9.09,9.09,0.0,63.64,9.09,Liver-HCC
DO50827,18.75,6.25,18.75,0.0,50.0,6.25,Liver-HCC
DO45009,5.56,16.67,22.22,0.0,22.22,33.33,Liver-HCC
DO45135,14.29,28.57,0.0,0.0,42.86,14.29,Liver-HCC
DO44930,0.0,27.27,9.09,0.0,45.45,18.18,Liver-HCC
DO50829,15.38,30.77,30.77,0.0,0.0,23.08,Liver-HCC
DO45069,0.0,31.82,18.18,0.0,40.91,9.09,Liver-HCC
DO50831,9.09,27.27,0.0,9.09,36.36,18.18,Liver-HCC
DO45137,15.38,15.38,23.08,0.0,38.46,7.69,Liver-HCC
DO50832,9.38,40.62,6.25,6.25,34.38,3.12,Liver-HCC
DO44872,6.45,22.58,9.68,3.23,32.26,25.81,Liver-HCC
DO45139,8.93,37.5,14.29,7.14,25.0,7.14,Liver-HCC
DO50834,12.0,36.0,12.0,0.0,36.0,4.0,Liver-HCC
DO45141,21.05,21.05,26.32,0.0,26.32,5.26,Liver-HCC
DO50837,0.0,33.33,0.0,16.67,50.0,0.0,Liver-HCC
DO45143,12.5,18.75,18.75,6.25,31.25,12.5,Liver-HCC
DO48505,9.38,46.88,6.25,6.25,25.0,6.25,Liver-HCC
DO50839,9.52,23.81,14.29,4.76,33.33,14.29,Liver-HCC
DO23510,35.0,10.0,25.0,0.0,20.0,10.0,Liver-HCC
DO50840,11.76,29.41,11.76,0.0,47.06,0.0,Liver-HCC
DO45145,17.24,41.38,13.79,3.45,20.69,3.45,Liver-HCC
DO50842,3.23,22.58,9.68,3.23,45.16,16.13,Liver-HCC
DO23028,7.41,25.93,22.22,14.81,22.22,7.41,Liver-HCC
DO23073,20.0,20.0,10.0,0.0,40.0,10.0,Liver-HCC
DO45147,13.33,33.33,6.67,6.67,33.33,6.67,Liver-HCC
DO50844,14.63,26.83,9.76,9.76,21.95,17.07,Liver-HCC
DO23512,0.0,40.0,15.0,5.0,40.0,0.0,Liver-HCC
DO50845,10.0,20.0,20.0,0.0,50.0,0.0,Liver-HCC
DO44966,22.22,3.7,3.7,7.41,40.74,22.22,Liver-HCC
DO45149,0.0,9.09,27.27,0.0,45.45,18.18,Liver-HCC
DO44978,12.0,24.0,20.0,0.0,32.0,12.0,Liver-HCC
DO45151,5.88,29.41,17.65,11.76,23.53,11.76,Liver-HCC
DO50848,27.78,27.78,22.22,5.56,16.67,0.0,Liver-HCC
DO50850,0.0,50.0,7.14,7.14,14.29,21.43,Liver-HCC
DO50851,8.82,29.41,11.76,8.82,23.53,17.65,Liver-HCC
DO45153,7.89,39.47,5.26,7.89,31.58,7.89,Liver-HCC
DO45155,8.7,47.83,17.39,0.0,13.04,13.04,Liver-HCC
DO45079,0.0,22.73,18.18,9.09,36.36,13.64,Liver-HCC
DO45157,12.5,0.0,25.0,0.0,37.5,25.0,Liver-HCC
DO45045,8.33,33.33,16.67,8.33,25.0,8.33,Liver-HCC
DO45159,11.76,23.53,11.76,5.88,29.41,17.65,Liver-HCC
DO45161,7.69,42.31,7.69,3.85,19.23,19.23,Liver-HCC
DO50855,25.0,8.33,8.33,16.67,41.67,0.0,Liver-HCC
DO45163,10.71,39.29,7.14,3.57,28.57,10.71,Liver-HCC
DO50857,21.43,14.29,35.71,10.71,17.86,0.0,Liver-HCC
DO23513,14.81,14.81,22.22,7.41,18.52,22.22,Liver-HCC
DO44744,7.14,42.86,7.14,7.14,21.43,14.29,Liver-HCC
DO44875,0.0,0.0,0.0,50.0,50.0,0.0,Liver-HCC
DO50859,9.38,46.88,21.88,9.38,9.38,3.12,Liver-HCC
DO45165,25.0,20.83,0.0,0.0,37.5,16.67,Liver-HCC
DO44974,50.85,13.56,1.69,8.47,23.73,1.69,Liver-HCC
DO45167,0.0,66.67,0.0,0.0,16.67,16.67,Liver-HCC
DO45065,0.0,16.67,16.67,0.0,33.33,33.33,Liver-HCC
DO45169,11.54,26.92,15.38,3.85,34.62,7.69,Liver-HCC
DO52171,2.44,24.39,19.51,4.88,39.02,9.76,Liver-HCC
DO23514,12.0,44.0,12.0,4.0,12.0,16.0,Liver-HCC
DO45171,9.52,42.86,0.0,0.0,38.1,9.52,Liver-HCC
DO44890,4.0,32.0,8.0,8.0,28.0,20.0,Liver-HCC
DO48672,15.38,17.95,15.38,2.56,33.33,15.38,Liver-HCC
DO23515,4.76,23.81,23.81,4.76,33.33,9.52,Liver-HCC
DO45173,11.76,35.29,11.76,5.88,29.41,5.88,Liver-HCC
DO45175,0.0,46.67,20.0,0.0,20.0,13.33,Liver-HCC
DO45089,4.35,26.09,21.74,4.35,21.74,21.74,Liver-HCC
DO45177,15.38,38.46,0.0,7.69,30.77,7.69,Liver-HCC
DO45043,11.54,30.77,7.69,3.85,34.62,11.54,Liver-HCC
DO45179,5.0,25.0,20.0,0.0,45.0,5.0,Liver-HCC
DO44806,23.81,23.81,4.76,0.0,33.33,14.29,Liver-HCC
DO45181,13.64,13.64,9.09,9.09,36.36,18.18,Liver-HCC
DO45183,14.29,7.14,14.29,7.14,50.0,7.14,Liver-HCC
DO45185,7.14,50.0,14.29,2.38,21.43,4.76,Liver-HCC
DO22836,6.52,30.43,28.26,2.17,23.91,8.7,Liver-HCC
DO45187,0.0,33.33,0.0,0.0,66.67,0.0,Liver-HCC
DO45189,10.0,0.0,20.0,0.0,50.0,20.0,Liver-HCC
DO45077,8.33,37.5,0.0,4.17,33.33,16.67,Liver-HCC
DO48674,16.67,30.0,10.0,6.67,20.0,16.67,Liver-HCC
DO45191,20.0,40.0,20.0,0.0,20.0,0.0,Liver-HCC
DO44888,9.65,26.32,7.89,3.51,41.23,11.4,Liver-HCC
DO45193,5.41,27.03,27.03,0.0,27.03,13.51,Liver-HCC
DO23516,26.42,33.96,9.43,3.77,18.87,7.55,Liver-HCC
DO22914,11.11,27.78,22.22,0.0,22.22,16.67,Liver-HCC
DO23517,11.11,33.33,0.0,3.7,37.04,14.81,Liver-HCC
DO23518,11.76,35.29,11.76,0.0,35.29,5.88,Liver-HCC
DO48677,13.33,33.33,6.67,0.0,43.33,3.33,Liver-HCC
DO22994,7.14,14.29,14.29,7.14,35.71,21.43,Liver-HCC
DO45197,13.33,23.33,16.67,6.67,26.67,13.33,Liver-HCC
DO45199,2.33,30.23,11.63,6.98,39.53,9.3,Liver-HCC
DO48679,6.06,30.3,21.21,3.03,27.27,12.12,Liver-HCC
DO45201,9.52,19.05,4.76,9.52,42.86,14.29,Liver-HCC
DO45203,12.12,36.36,12.12,0.0,27.27,12.12,Liver-HCC
DO45205,0.0,44.0,4.0,0.0,36.0,16.0,Liver-HCC
DO22875,11.11,11.11,11.11,0.0,22.22,44.44,Liver-HCC
DO23519,10.0,30.0,20.0,5.0,35.0,0.0,Liver-HCC
DO45207,4.17,50.0,8.33,4.17,16.67,16.67,Liver-HCC
DO23520,0.0,16.67,16.67,16.67,41.67,8.33,Liver-HCC
DO23521,8.33,29.17,4.17,16.67,29.17,12.5,Liver-HCC
DO45209,16.0,24.0,8.0,12.0,28.0,12.0,Liver-HCC
DO23522,11.54,34.62,11.54,3.85,23.08,15.38,Liver-HCC
DO45211,13.04,8.7,0.0,0.0,34.78,43.48,Liver-HCC
DO45213,13.33,20.0,20.0,13.33,26.67,6.67,Liver-HCC
DO23524,20.0,33.33,0.0,0.0,40.0,6.67,Liver-HCC
DO45215,0.0,50.0,0.0,16.67,33.33,0.0,Liver-HCC
DO45217,8.33,33.33,16.67,8.33,16.67,16.67,Liver-HCC
DO45219,18.18,22.73,13.64,4.55,36.36,4.55,Liver-HCC
DO45037,8.82,29.41,20.59,5.88,20.59,14.71,Liver-HCC
DO45221,6.25,43.75,0.0,0.0,31.25,18.75,Liver-HCC
DO23525,6.9,17.24,13.79,6.9,44.83,10.34,Liver-HCC
DO23526,28.57,28.57,28.57,0.0,7.14,7.14,Liver-HCC
DO45041,1.89,24.53,4.72,1.89,19.81,47.17,Liver-HCC
DO45223,16.67,16.67,16.67,0.0,33.33,16.67,Liver-HCC
DO23527,28.57,28.57,28.57,0.0,14.29,0.0,Liver-HCC
DO23528,0.0,10.0,0.0,0.0,50.0,40.0,Liver-HCC
DO44994,11.54,7.69,38.46,3.85,23.08,15.38,Liver-HCC
DO45225,8.7,39.13,8.7,0.0,21.74,21.74,Liver-HCC
DO22986,7.69,7.69,15.38,7.69,30.77,30.77,Liver-HCC
DO45227,0.0,41.38,10.34,0.0,37.93,10.34,Liver-HCC
DO45229,10.0,35.0,5.0,5.0,45.0,0.0,Liver-HCC
DO23529,14.29,42.86,28.57,0.0,14.29,0.0,Liver-HCC
DO48681,5.26,31.58,10.53,0.0,26.32,26.32,Liver-HCC
DO22959,0.0,35.71,14.29,21.43,21.43,7.14,Liver-HCC
DO45233,0.0,41.67,16.67,0.0,41.67,0.0,Liver-HCC
DO23018,6.9,17.24,17.24,10.34,34.48,13.79,Liver-HCC
DO23530,0.0,50.0,0.0,0.0,50.0,0.0,Liver-HCC
DO22929,6.67,13.33,6.67,0.0,46.67,26.67,Liver-HCC
DO45235,11.76,23.53,5.88,5.88,41.18,11.76,Liver-HCC
DO22978,0.0,20.0,30.0,0.0,20.0,30.0,Liver-HCC
DO49695,7.14,21.43,7.14,7.14,50.0,7.14,Liver-HCC
DO23532,0.0,20.0,40.0,0.0,30.0,10.0,Liver-HCC
DO23533,0.0,45.0,10.0,0.0,35.0,10.0,Liver-HCC
DO48682,1.81,22.89,7.83,1.81,24.1,41.57,Liver-HCC
DO23534,13.33,46.67,13.33,0.0,6.67,20.0,Liver-HCC
DO48684,5.26,10.53,21.05,5.26,31.58,26.32,Liver-HCC
DO48686,8.7,26.09,13.04,8.7,30.43,13.04,Liver-HCC
DO48687,20.0,40.0,0.0,0.0,33.33,6.67,Liver-HCC
DO23535,0.0,25.0,20.0,0.0,45.0,10.0,Liver-HCC
DO23536,21.95,36.59,7.32,4.88,17.07,12.2,Liver-HCC
DO45237,21.74,28.99,11.59,4.35,26.09,7.25,Liver-HCC
DO45035,8.0,44.0,12.0,8.0,20.0,8.0,Liver-HCC
DO44877,7.69,23.08,15.38,15.38,23.08,15.38,Liver-HCC
DO23537,15.62,34.38,6.25,3.12,37.5,3.12,Liver-HCC
DO45239,0.0,33.33,22.22,11.11,33.33,0.0,Liver-HCC
DO23048,7.14,3.57,50.0,7.14,21.43,10.71,Liver-HCC
DO23538,7.41,25.93,18.52,0.0,44.44,3.7,Liver-HCC
DO45241,16.67,22.22,11.11,5.56,38.89,5.56,Liver-HCC
DO44828,6.12,22.45,14.29,6.12,40.82,10.2,Liver-HCC
DO23539,10.53,26.32,31.58,5.26,26.32,0.0,Liver-HCC
DO23540,14.29,34.29,14.29,5.71,20.0,11.43,Liver-HCC
DO22956,13.04,26.09,17.39,4.35,34.78,4.35,Liver-HCC
DO48689,21.21,39.39,15.15,3.03,12.12,9.09,Liver-HCC
DO44986,11.76,23.53,29.41,5.88,23.53,5.88,Liver-HCC
DO48691,0.0,53.33,6.67,0.0,33.33,6.67,Liver-HCC
DO22838,8.7,17.39,13.04,4.35,52.17,4.35,Liver-HCC
DO23541,10.34,31.03,10.34,3.45,37.93,6.9,Liver-HCC
DO45247,5.88,35.29,0.0,5.88,29.41,23.53,Liver-HCC
DO23542,7.41,37.04,18.52,3.7,18.52,14.81,Liver-HCC
DO48692,20.0,26.67,6.67,6.67,33.33,6.67,Liver-HCC
DO49659,9.38,15.62,18.75,12.5,34.38,9.38,Liver-HCC
DO23543,7.41,22.22,7.41,11.11,37.04,14.81,Liver-HCC
DO45253,28.57,14.29,0.0,0.0,28.57,28.57,Liver-HCC
DO45255,12.5,37.5,18.75,0.0,25.0,6.25,Liver-HCC
DO48693,10.0,30.0,30.0,0.0,10.0,20.0,Liver-HCC
DO45039,7.14,14.29,11.9,0.0,57.14,9.52,Liver-HCC
DO23544,15.0,20.0,10.0,5.0,40.0,10.0,Liver-HCC
DO45059,12.5,18.75,6.25,6.25,18.75,37.5,Liver-HCC
DO23545,0.0,41.94,9.68,3.23,32.26,12.9,Liver-HCC
DO45087,10.0,25.0,7.5,5.0,42.5,10.0,Liver-HCC
DO23546,15.0,40.0,20.0,0.0,25.0,0.0,Liver-HCC
DO23547,16.67,33.33,0.0,16.67,16.67,16.67,Liver-HCC
DO48694,22.22,27.78,0.0,5.56,27.78,16.67,Liver-HCC
DO23549,5.56,44.44,11.11,5.56,16.67,16.67,Liver-HCC
DO45081,9.09,42.42,6.06,3.03,33.33,6.06,Liver-HCC
DO45257,13.33,0.0,26.67,0.0,46.67,13.33,Liver-HCC
DO52307,10.0,10.0,10.0,20.0,50.0,0.0,Liver-HCC
DO44740,12.5,12.5,18.75,12.5,37.5,6.25,Liver-HCC
DO48695,12.5,25.0,8.33,8.33,33.33,12.5,Liver-HCC
DO48697,7.14,42.86,28.57,0.0,21.43,0.0,Liver-HCC
DO23550,0.0,25.0,18.75,0.0,50.0,6.25,Liver-HCC
DO22887,12.5,18.75,6.25,0.0,43.75,18.75,Liver-HCC
DO45263,18.18,18.18,9.09,0.0,54.55,0.0,Liver-HCC
DO45265,15.0,25.0,15.0,10.0,25.0,10.0,Liver-HCC
DO23551,11.63,39.53,11.63,2.33,20.93,13.95,Liver-HCC
DO45267,18.87,32.08,3.77,0.0,35.85,9.43,Liver-HCC
DO48700,15.38,30.77,15.38,7.69,23.08,7.69,Liver-HCC
DO23552,21.43,35.71,7.14,7.14,28.57,0.0,Liver-HCC
DO22145,0.0,28.57,0.0,0.0,42.86,28.57,CNS-Oligo
DO22285,20.0,30.0,0.0,0.0,30.0,20.0,CNS-Oligo
DO22490,0.0,28.57,14.29,0.0,28.57,28.57,CNS-Oligo
DO22356,0.0,0.0,0.0,20.0,40.0,40.0,CNS-Oligo
DO22117,100.0,0.0,0.0,0.0,0.0,0.0,CNS-Oligo
DO22736,0.0,14.29,14.29,0.0,42.86,28.57,CNS-Oligo
DO22496,,,,,,,CNS-Oligo
DO22524,0.0,7.69,0.0,0.0,38.46,53.85,CNS-Oligo
DO22417,7.14,28.57,0.0,0.0,28.57,35.71,CNS-Oligo
DO22106,0.0,0.0,0.0,0.0,0.0,100.0,CNS-Oligo
DO22195,0.0,0.0,25.0,0.0,50.0,25.0,CNS-Oligo
DO22720,9.09,36.36,0.0,0.0,27.27,27.27,CNS-Oligo
DO22382,0.0,50.0,0.0,0.0,25.0,25.0,CNS-Oligo
DO22324,0.0,0.0,25.0,0.0,37.5,37.5,CNS-Oligo
DO22293,0.0,28.57,0.0,0.0,42.86,28.57,CNS-Oligo
DO22536,9.09,9.09,0.0,0.0,18.18,63.64,CNS-Oligo
DO22548,0.0,12.5,0.0,0.0,37.5,50.0,CNS-Oligo
DO22295,0.0,50.0,0.0,0.0,0.0,50.0,CNS-Oligo
DO48578,9.09,0.0,27.27,9.09,45.45,9.09,Panc-Endocrine
DO46785,16.67,0.0,33.33,0.0,50.0,0.0,Panc-Endocrine
DO46781,0.0,0.0,0.0,0.0,0.0,100.0,Panc-Endocrine
DO51181,,,,,,,Panc-Endocrine
DO51175,0.0,33.33,0.0,0.0,50.0,16.67,Panc-Endocrine
DO52132,0.0,0.0,0.0,0.0,100.0,0.0,Panc-Endocrine
DO52128,0.0,50.0,25.0,0.0,0.0,25.0,Panc-Endocrine
DO46757,0.0,25.0,12.5,0.0,37.5,25.0,Panc-Endocrine
DO46749,0.0,20.0,10.0,0.0,60.0,10.0,Panc-Endocrine
DO46744,100.0,0.0,0.0,0.0,0.0,0.0,Panc-Endocrine
DO51171,20.0,0.0,30.0,0.0,50.0,0.0,Panc-Endocrine
DO52164,0.0,0.0,25.0,12.5,25.0,37.5,Panc-Endocrine
DO51176,0.0,0.0,33.33,0.0,33.33,33.33,Panc-Endocrine
DO51185,,,,,,,Panc-Endocrine
DO51172,0.0,33.33,0.0,33.33,33.33,0.0,Panc-Endocrine
DO52134,0.0,0.0,20.0,0.0,40.0,40.0,Panc-Endocrine
DO52162,0.0,0.0,100.0,0.0,0.0,0.0,Panc-Endocrine
DO46771,0.0,0.0,100.0,0.0,0.0,0.0,Panc-Endocrine
DO52152,0.0,40.0,0.0,0.0,20.0,40.0,Panc-Endocrine
DO51177,0.0,50.0,25.0,0.0,25.0,0.0,Panc-Endocrine
DO48581,18.18,9.09,9.09,18.18,18.18,27.27,Panc-Endocrine
DO48545,0.0,0.0,0.0,0.0,50.0,50.0,Panc-Endocrine
DO51178,0.0,0.0,0.0,0.0,50.0,50.0,Panc-Endocrine
DO46759,0.0,0.0,10.0,10.0,50.0,30.0,Panc-Endocrine
DO52131,25.0,25.0,0.0,0.0,25.0,25.0,Panc-Endocrine
DO46753,0.0,37.5,37.5,0.0,25.0,0.0,Panc-Endocrine
DO51173,,,,,,,Panc-Endocrine
DO48541,14.29,0.0,42.86,0.0,42.86,0.0,Panc-Endocrine
DO52146,7.69,23.08,30.77,0.0,23.08,15.38,Panc-Endocrine
DO48554,0.0,0.0,0.0,0.0,100.0,0.0,Panc-Endocrine
DO46755,0.0,25.0,0.0,25.0,25.0,25.0,Panc-Endocrine
DO46777,0.0,50.0,0.0,0.0,50.0,0.0,Panc-Endocrine
DO46763,0.0,22.22,11.11,0.0,44.44,22.22,Panc-Endocrine
DO51182,6.25,0.0,12.5,6.25,62.5,12.5,Panc-Endocrine
DO52156,50.0,25.0,0.0,0.0,0.0,25.0,Panc-Endocrine
DO46767,25.0,50.0,0.0,0.0,25.0,0.0,Panc-Endocrine
DO52122,20.0,0.0,20.0,0.0,20.0,40.0,Panc-Endocrine
DO48573,0.0,37.5,12.5,0.0,12.5,37.5,Panc-Endocrine
DO52161,17.65,11.76,5.88,0.0,35.29,29.41,Panc-Endocrine
DO52158,,,,,,,Panc-Endocrine
DO52151,0.0,4.76,1.59,3.17,28.57,61.9,Panc-Endocrine
DO52139,0.0,18.18,18.18,0.0,45.45,18.18,Panc-Endocrine
DO46779,0.0,0.0,57.14,14.29,14.29,14.29,Panc-Endocrine
DO46745,0.0,25.0,0.0,0.0,75.0,0.0,Panc-Endocrine
DO52141,,,,,,,Panc-Endocrine
DO52137,14.29,0.0,0.0,0.0,42.86,42.86,Panc-Endocrine
DO51170,40.0,0.0,0.0,0.0,40.0,20.0,Panc-Endocrine
DO52129,0.0,10.0,65.0,10.0,0.0,15.0,Panc-Endocrine
DO52148,,,,,,,Panc-Endocrine
DO48553,20.0,0.0,20.0,0.0,20.0,40.0,Panc-Endocrine
DO46751,8.33,0.0,0.0,0.0,58.33,33.33,Panc-Endocrine
DO46761,0.0,37.5,12.5,0.0,25.0,25.0,Panc-Endocrine
DO46769,18.18,9.09,36.36,0.0,18.18,18.18,Panc-Endocrine
DO51184,0.0,33.33,66.67,0.0,0.0,0.0,Panc-Endocrine
DO52147,0.0,0.0,16.67,0.0,33.33,50.0,Panc-Endocrine
DO52125,9.09,36.36,18.18,0.0,9.09,27.27,Panc-Endocrine
DO51169,,,,,,,Panc-Endocrine
DO52136,0.0,12.5,12.5,0.0,62.5,12.5,Panc-Endocrine
DO46747,0.0,0.0,33.33,0.0,66.67,0.0,Panc-Endocrine
DO51174,0.0,0.0,0.0,0.0,100.0,0.0,Panc-Endocrine
DO51179,,,,,,,Panc-Endocrine
DO48520,0.0,40.0,20.0,0.0,20.0,20.0,Panc-Endocrine
DO52127,11.11,22.22,11.11,0.0,44.44,11.11,Panc-Endocrine
DO52126,6.67,10.0,20.0,6.67,43.33,13.33,Panc-Endocrine
DO46773,0.0,50.0,0.0,0.0,50.0,0.0,Panc-Endocrine
DO48539,0.0,0.0,42.86,0.0,28.57,28.57,Panc-Endocrine
DO52150,0.0,0.0,12.5,6.25,75.0,6.25,Panc-Endocrine
DO52135,0.0,0.0,0.0,33.33,0.0,66.67,Panc-Endocrine
DO46783,7.41,11.11,11.11,11.11,29.63,29.63,Panc-Endocrine
DO52149,33.33,33.33,0.0,0.0,0.0,33.33,Panc-Endocrine
DO51187,0.0,0.0,22.22,0.0,66.67,11.11,Panc-Endocrine
DO52123,0.0,0.0,33.33,0.0,0.0,66.67,Panc-Endocrine
DO52124,0.0,0.0,58.93,17.86,14.29,8.93,Panc-Endocrine
DO52155,0.0,28.57,0.0,0.0,42.86,28.57,Panc-Endocrine
DO52142,0.0,42.86,0.0,14.29,28.57,14.29,Panc-Endocrine
DO51180,3.7,0.0,14.81,0.0,29.63,51.85,Panc-Endocrine
DO52154,0.0,0.0,0.0,0.0,100.0,0.0,Panc-Endocrine
DO52153,0.0,0.0,0.0,33.33,33.33,33.33,Panc-Endocrine
DO52143,0.0,0.0,14.29,0.0,57.14,28.57,Panc-Endocrine
DO48557,25.0,0.0,50.0,0.0,25.0,0.0,Panc-Endocrine
DO52159,16.67,33.33,16.67,0.0,16.67,16.67,Panc-Endocrine
DO46853,8.33,25.0,16.67,0.0,25.0,25.0,Kidney-RCC
DO17323,18.75,25.0,0.0,6.25,43.75,6.25,Kidney-RCC
DO46847,0.0,18.75,31.25,0.0,37.5,12.5,Kidney-RCC
DO46973,20.83,0.0,25.0,0.0,33.33,20.83,Kidney-RCC
DO46856,21.74,17.39,21.74,4.35,21.74,13.04,Kidney-RCC
DO17791,30.0,0.0,10.0,0.0,30.0,30.0,Kidney-RCC
DO20768,7.14,14.29,28.57,0.0,50.0,0.0,Kidney-RCC
DO19028,0.0,28.57,14.29,14.29,42.86,0.0,Kidney-RCC
DO16881,0.0,20.0,10.0,10.0,40.0,20.0,Kidney-RCC
DO46984,14.29,9.52,14.29,9.52,28.57,23.81,Kidney-RCC
DO20905,18.18,9.09,18.18,0.0,45.45,9.09,Kidney-RCC
DO47088,36.0,32.0,4.0,4.0,20.0,4.0,Kidney-RCC
DO46945,0.0,20.0,30.0,0.0,40.0,10.0,Kidney-RCC
DO20839,13.64,31.82,18.18,0.0,22.73,13.64,Kidney-RCC
DO47056,7.69,23.08,7.69,0.0,53.85,7.69,Kidney-RCC
DO17848,0.0,0.0,20.0,0.0,50.0,30.0,Kidney-RCC
DO48516,9.09,22.73,27.27,13.64,27.27,0.0,Kidney-RCC
DO18988,5.26,15.79,15.79,10.53,36.84,15.79,Kidney-RCC
DO19380,7.69,23.08,15.38,0.0,15.38,38.46,Kidney-RCC
DO46913,12.5,12.5,25.0,0.0,37.5,12.5,Kidney-RCC
DO20082,10.53,15.79,15.79,5.26,31.58,21.05,Kidney-RCC
DO44517,9.52,14.29,38.1,0.0,23.81,14.29,Kidney-RCC
DO48509,9.52,19.05,14.29,19.05,23.81,14.29,Kidney-RCC
DO46838,10.0,20.0,20.0,5.0,30.0,15.0,Kidney-RCC
DO44485,15.38,15.38,15.38,7.69,38.46,7.69,Kidney-RCC
DO46832,21.43,0.0,21.43,0.0,35.71,21.43,Kidney-RCC
DO46893,0.0,33.33,11.11,0.0,44.44,11.11,Kidney-RCC
DO18839,7.69,0.0,30.77,15.38,38.46,7.69,Kidney-RCC
DO47234,0.0,21.43,21.43,14.29,35.71,7.14,Kidney-RCC
DO47162,0.0,23.08,23.08,0.0,23.08,30.77,Kidney-RCC
DO46877,0.93,13.89,6.48,1.85,25.0,51.85,Kidney-RCC
DO19733,22.22,11.11,22.22,0.0,22.22,22.22,Kidney-RCC
DO20867,23.81,28.57,9.52,0.0,33.33,4.76,Kidney-RCC
DO46873,5.88,11.76,0.0,0.0,52.94,29.41,Kidney-RCC
DO44465,0.0,57.14,28.57,0.0,14.29,0.0,Kidney-RCC
DO47165,18.18,9.09,9.09,0.0,36.36,27.27,Kidney-RCC
DO46889,0.0,15.38,15.38,0.0,38.46,30.77,Kidney-RCC
DO47132,0.0,16.67,16.67,0.0,33.33,33.33,Kidney-RCC
DO47243,0.0,10.0,40.0,10.0,40.0,0.0,Kidney-RCC
DO46953,9.52,14.29,14.29,9.52,33.33,19.05,Kidney-RCC
DO16248,6.9,24.14,13.79,3.45,37.93,13.79,Kidney-RCC
DO47004,21.05,15.79,21.05,0.0,36.84,5.26,Kidney-RCC
DO20416,7.69,38.46,23.08,0.0,15.38,15.38,Kidney-RCC
DO46929,25.93,11.11,22.22,3.7,22.22,14.81,Kidney-RCC
DO44469,7.41,18.52,33.33,0.0,37.04,3.7,Kidney-RCC
DO47016,0.0,28.57,28.57,14.29,28.57,0.0,Kidney-RCC
DO20923,0.0,20.0,20.0,0.0,50.0,10.0,Kidney-RCC
DO20928,0.0,8.33,33.33,8.33,33.33,16.67,Kidney-RCC
DO18016,4.17,20.83,12.5,0.0,45.83,16.67,Kidney-RCC
DO46881,8.0,16.0,12.0,4.0,44.0,16.0,Kidney-RCC
DO16110,4.76,33.33,0.0,0.0,38.1,23.81,Kidney-RCC
DO20770,0.0,27.27,9.09,18.18,45.45,0.0,Kidney-RCC
DO46844,4.55,13.64,27.27,9.09,40.91,4.55,Kidney-RCC
DO46937,13.04,13.04,39.13,0.0,21.74,13.04,Kidney-RCC
DO47064,11.11,11.11,11.11,11.11,11.11,44.44,Kidney-RCC
DO46850,11.54,30.77,11.54,0.0,34.62,11.54,Kidney-RCC
DO46897,70.83,8.33,8.33,2.08,8.33,2.08,Kidney-RCC
DO44520,19.05,14.29,19.05,0.0,33.33,14.29,Kidney-RCC
DO46869,10.0,10.0,30.0,0.0,40.0,10.0,Kidney-RCC
DO46977,9.09,9.09,18.18,0.0,18.18,45.45,Kidney-RCC
DO17977,15.79,10.53,15.79,0.0,52.63,5.26,Kidney-RCC
DO47076,0.0,33.33,0.0,33.33,33.33,0.0,Kidney-RCC
DO16999,17.65,17.65,0.0,0.0,52.94,11.76,Kidney-RCC
DO46992,3.7,22.22,18.52,7.41,44.44,3.7,Kidney-RCC
DO44496,14.29,28.57,7.14,10.71,28.57,10.71,Kidney-RCC
DO46961,20.0,10.0,15.0,10.0,25.0,20.0,Kidney-RCC
DO49736,13.79,24.14,10.34,6.9,37.93,6.9,Kidney-RCC
DO47000,16.67,33.33,16.67,0.0,33.33,0.0,Kidney-RCC
DO47068,0.0,13.33,26.67,0.0,40.0,20.0,Kidney-RCC
DO47156,5.56,22.22,22.22,5.56,33.33,11.11,Kidney-RCC
DO17373,0.0,25.0,25.0,0.0,50.0,0.0,Kidney-RCC
DO16233,25.0,25.0,25.0,0.0,25.0,0.0,Kidney-RCC
DO46957,10.53,0.0,10.53,15.79,42.11,21.05,Kidney-RCC
DO47150,11.11,22.22,11.11,0.0,27.78,27.78,Kidney-RCC
DO46859,16.67,8.33,8.33,16.67,33.33,16.67,Kidney-RCC
DO44528,20.83,8.33,8.33,4.17,45.83,12.5,Kidney-RCC
DO17751,12.5,0.0,18.75,0.0,43.75,25.0,Kidney-RCC
DO17074,31.25,18.75,6.25,6.25,25.0,12.5,Kidney-RCC
DO18572,25.0,8.33,0.0,8.33,41.67,16.67,Kidney-RCC
DO46988,0.0,26.32,5.26,5.26,47.37,15.79,Kidney-RCC
DO49768,11.76,5.88,5.88,0.0,47.06,29.41,Kidney-RCC
DO16269,11.11,22.22,11.11,0.0,22.22,33.33,Kidney-RCC
DO44462,5.88,41.18,17.65,5.88,17.65,11.76,Kidney-RCC
DO48482,17.86,17.86,10.71,7.14,39.29,7.14,Kidney-RCC
DO46921,16.67,16.67,33.33,0.0,33.33,0.0,Kidney-RCC
DO47052,7.14,35.71,28.57,0.0,21.43,7.14,Kidney-RCC
DO49728,10.0,20.0,10.0,0.0,30.0,30.0,Kidney-RCC
DO17085,18.18,18.18,0.0,9.09,27.27,27.27,Kidney-RCC
DO17054,18.18,54.55,0.0,0.0,18.18,9.09,Kidney-RCC
DO46917,7.69,7.69,23.08,7.69,38.46,15.38,Kidney-RCC
DO47153,7.14,14.29,21.43,0.0,42.86,14.29,Kidney-RCC
DO46933,21.43,21.43,7.14,0.0,21.43,28.57,Kidney-RCC
DO46901,41.67,8.33,8.33,0.0,33.33,8.33,Kidney-RCC
DO46980,14.29,23.81,33.33,0.0,23.81,4.76,Kidney-RCC
DO18651,5.88,17.65,5.88,17.65,35.29,17.65,Kidney-RCC
DO49738,16.67,0.0,33.33,0.0,0.0,50.0,Kidney-RCC
DO20863,10.0,10.0,30.0,0.0,50.0,0.0,Kidney-RCC
DO44515,6.67,46.67,13.33,6.67,20.0,6.67,Kidney-RCC
DO47104,16.67,0.0,16.67,0.0,25.0,41.67,Kidney-RCC
DO46905,34.78,13.04,13.04,4.35,26.09,8.7,Kidney-RCC
DO47092,5.26,10.53,21.05,0.0,52.63,10.53,Kidney-RCC
DO44525,20.0,20.0,10.0,15.0,25.0,10.0,Kidney-RCC
DO46834,0.0,50.0,0.0,0.0,50.0,0.0,Kidney-RCC
DO47171,10.53,5.26,21.05,0.0,36.84,26.32,Kidney-RCC
DO47100,31.91,10.64,21.28,2.13,27.66,6.38,Kidney-RCC
DO51551,21.43,21.43,28.57,0.0,7.14,21.43,Kidney-RCC
DO46827,26.09,13.04,30.43,4.35,17.39,8.7,Kidney-RCC
DO47080,0.0,8.33,41.67,16.67,25.0,8.33,Kidney-RCC
DO48474,25.0,8.33,8.33,0.0,16.67,41.67,Kidney-RCC
DO16136,11.11,16.67,22.22,0.0,38.89,11.11,Kidney-RCC
DO47060,17.65,11.76,17.65,17.65,23.53,11.76,Kidney-RCC
DO16769,7.14,14.29,14.29,14.29,21.43,28.57,Kidney-RCC
DO46836,15.38,23.08,7.69,3.85,38.46,11.54,Kidney-RCC
DO47159,11.11,16.67,16.67,0.0,33.33,22.22,Kidney-RCC
DO20915,20.0,15.0,10.0,5.0,35.0,15.0,Kidney-RCC
DO47124,8.33,25.0,8.33,8.33,41.67,8.33,Kidney-RCC
DO18671,20.0,31.43,2.86,5.71,31.43,8.57,Kidney-RCC
DO18056,31.25,18.75,25.0,6.25,18.75,0.0,Kidney-RCC
DO18164,10.53,26.32,10.53,0.0,36.84,15.79,Kidney-RCC
DO47048,0.0,33.33,11.11,11.11,33.33,11.11,Kidney-RCC
DO48495,20.83,12.5,16.67,0.0,29.17,20.83,Kidney-RCC
DO20604,15.38,38.46,23.08,0.0,7.69,15.38,Kidney-RCC
DO46826,0.0,28.57,14.29,0.0,42.86,14.29,Kidney-RCC
DO46830,0.0,30.77,15.38,0.0,38.46,15.38,Kidney-RCC
DO46909,18.18,9.09,27.27,0.0,36.36,9.09,Kidney-RCC
DO44478,0.0,50.0,0.0,0.0,50.0,0.0,Kidney-RCC
DO47128,17.39,17.39,21.74,8.7,30.43,4.35,Kidney-RCC
DO20849,15.0,20.0,20.0,0.0,35.0,10.0,Kidney-RCC
DO46885,0.0,25.0,37.5,25.0,0.0,12.5,Kidney-RCC
DO47174,7.69,7.69,38.46,0.0,30.77,15.38,Kidney-RCC
DO20780,15.79,15.79,15.79,0.0,36.84,15.79,Kidney-RCC
DO47108,0.0,0.0,66.67,0.0,0.0,33.33,Kidney-RCC
DO47096,0.0,11.11,22.22,11.11,33.33,22.22,Kidney-RCC
DO16113,14.29,42.86,14.29,14.29,0.0,14.29,Kidney-RCC
DO47116,11.11,16.67,22.22,5.56,38.89,5.56,Kidney-RCC
DO19048,5.88,41.18,5.88,5.88,17.65,23.53,Kidney-RCC
DO46925,21.05,5.26,15.79,5.26,31.58,21.05,Kidney-RCC
DO47072,13.04,8.7,26.09,4.35,34.78,13.04,Kidney-RCC
DO18701,7.14,7.14,21.43,0.0,42.86,21.43,Kidney-RCC
DO17722,0.0,50.0,16.67,0.0,0.0,33.33,Kidney-RCC
DO18392,0.0,10.53,26.32,5.26,26.32,31.58,Kidney-RCC
DO17178,23.08,23.08,7.69,0.0,30.77,15.38,Kidney-RCC
DO47249,0.0,0.0,0.0,0.0,0.0,100.0,Kidney-RCC
DO52532,0.0,0.0,0.0,25.0,75.0,0.0,Prost-AdenoCA
DO51064,11.11,0.0,11.11,0.0,22.22,55.56,Prost-AdenoCA
DO51056,0.0,0.0,20.0,0.0,40.0,40.0,Prost-AdenoCA
DO36283,0.0,20.0,0.0,0.0,40.0,40.0,Prost-AdenoCA
DO51074,33.33,0.0,16.67,0.0,33.33,16.67,Prost-AdenoCA
DO52510,16.67,16.67,0.0,0.0,33.33,33.33,Prost-AdenoCA
DO51134,12.5,0.0,12.5,0.0,25.0,50.0,Prost-AdenoCA
DO51060,0.0,15.38,0.0,0.0,38.46,46.15,Prost-AdenoCA
DO51954,10.0,20.0,0.0,0.0,40.0,30.0,Prost-AdenoCA
DO51958,16.67,5.56,16.67,0.0,38.89,22.22,Prost-AdenoCA
DO51959,25.0,0.0,8.33,0.0,25.0,41.67,Prost-AdenoCA
DO51965,4.88,19.51,19.51,4.88,31.71,19.51,Prost-AdenoCA
DO51962,6.12,18.37,22.45,6.12,30.61,16.33,Prost-AdenoCA
DO51953,7.41,11.11,3.7,7.41,25.93,44.44,Prost-AdenoCA
DO51956,5.0,5.0,10.0,5.0,35.0,40.0,Prost-AdenoCA
DO51960,12.5,6.25,0.0,0.0,18.75,62.5,Prost-AdenoCA
DO51955,10.0,10.0,20.0,0.0,30.0,30.0,Prost-AdenoCA
DO51964,0.0,8.33,25.0,8.33,33.33,25.0,Prost-AdenoCA
DO46813,9.09,18.18,9.09,0.0,27.27,36.36,Prost-AdenoCA
DO51133,0.0,10.0,10.0,0.0,10.0,70.0,Prost-AdenoCA
DO51112,20.0,0.0,20.0,0.0,0.0,60.0,Prost-AdenoCA
DO51080,0.0,0.0,25.0,25.0,0.0,50.0,Prost-AdenoCA
DO51086,16.67,0.0,0.0,0.0,33.33,50.0,Prost-AdenoCA
DO52511,0.0,0.0,0.0,0.0,0.0,100.0,Prost-AdenoCA
DO51116,0.0,20.0,0.0,10.0,10.0,60.0,Prost-AdenoCA
DO52526,0.0,0.0,0.0,0.0,0.0,100.0,Prost-AdenoCA
DO46796,0.0,0.0,44.44,0.0,0.0,55.56,Prost-AdenoCA
DO51147,0.0,0.0,28.57,0.0,14.29,57.14,Prost-AdenoCA
DO46787,12.5,12.5,37.5,12.5,0.0,25.0,Prost-AdenoCA
DO51150,0.0,0.0,14.29,0.0,14.29,71.43,Prost-AdenoCA
DO10821,0.0,33.33,0.0,0.0,33.33,33.33,Prost-AdenoCA
DO51069,10.0,10.0,10.0,10.0,10.0,50.0,Prost-AdenoCA
DO51140,0.0,0.0,0.0,0.0,50.0,50.0,Prost-AdenoCA
DO46788,8.33,8.33,8.33,8.33,33.33,33.33,Prost-AdenoCA
DO10825,50.0,0.0,0.0,0.0,0.0,50.0,Prost-AdenoCA
DO51049,20.0,20.0,20.0,0.0,20.0,20.0,Prost-AdenoCA
DO36359,,,,,,,Prost-AdenoCA
DO51053,12.5,12.5,0.0,12.5,12.5,50.0,Prost-AdenoCA
DO51138,0.0,10.0,0.0,0.0,30.0,60.0,Prost-AdenoCA
DO51057,0.0,33.33,16.67,0.0,16.67,33.33,Prost-AdenoCA
DO51155,11.11,11.11,0.0,0.0,33.33,44.44,Prost-AdenoCA
DO51143,9.09,0.0,9.09,9.09,18.18,54.55,Prost-AdenoCA
DO51066,0.0,8.33,16.67,16.67,16.67,41.67,Prost-AdenoCA
DO51127,16.67,0.0,16.67,0.0,0.0,66.67,Prost-AdenoCA
DO51139,0.0,50.0,16.67,0.0,33.33,0.0,Prost-AdenoCA
DO51052,0.0,0.0,0.0,0.0,50.0,50.0,Prost-AdenoCA
DO10813,0.0,0.0,0.0,0.0,0.0,100.0,Prost-AdenoCA
DO10817,0.0,0.0,16.67,0.0,16.67,66.67,Prost-AdenoCA
DO10829,12.5,0.0,12.5,0.0,37.5,37.5,Prost-AdenoCA
DO51131,25.0,0.0,0.0,0.0,25.0,50.0,Prost-AdenoCA
DO51085,33.33,0.0,16.67,16.67,0.0,33.33,Prost-AdenoCA
DO52504,0.0,10.0,10.0,10.0,0.0,70.0,Prost-AdenoCA
DO51078,4.17,41.67,8.33,4.17,25.0,16.67,Prost-AdenoCA
DO51114,0.0,18.75,12.5,6.25,31.25,31.25,Prost-AdenoCA
DO51075,11.11,22.22,11.11,11.11,22.22,22.22,Prost-AdenoCA
DO52503,33.33,0.0,0.0,0.0,0.0,66.67,Prost-AdenoCA
DO51068,0.0,16.67,0.0,16.67,33.33,33.33,Prost-AdenoCA
DO46793,0.0,0.0,75.0,0.0,25.0,0.0,Prost-AdenoCA
DO51106,0.0,25.0,25.0,0.0,50.0,0.0,Prost-AdenoCA
DO10811,25.0,0.0,0.0,0.0,25.0,50.0,Prost-AdenoCA
DO51103,14.29,14.29,0.0,0.0,42.86,28.57,Prost-AdenoCA
DO51104,0.0,0.0,0.0,14.29,0.0,85.71,Prost-AdenoCA
